sample_data/dem.asc
ncols 120
nrows 120
xllcorner 480000.0
yllcorner 760000.0
cellsize 12.5
NODATA_value -9999
[rows 87 to 115 of 120, columns 0 to 66 of 120]
214.726 215.397 216.546 215.030 216.270 217.288 215.612 215.246 215.717 213.756 214.077 213.259 213.404 216.328 213.258 214.065 213.563 213.373 213.456 213.478 214.085 213.271 214.072 213.378 213.200 213.309 215.564 212.158 213.424 214.461 214.335 212.592 212.536 213.834 215.364 214.969 214.125 213.909 214.187 214.390 213.081 213.235 214.928 217.400 215.609 213.455 214.386 215.759 214.852 216.464 215.516 215.625 215.181 217.397 217.462 217.709 218.205 217.428 219.146 216.698 218.914 217.705 217.756 217.654 219.230 218.914 220.062
215.665 214.742 215.974 215.167 215.278 216.932 215.635 216.109 213.229 215.760 214.060 216.761 213.107 213.855 215.605 216.962 212.842 214.213 213.557 216.217 216.709 214.666 215.364 213.587 212.990 214.892 213.794 215.188 214.012 215.857 214.205 214.415 215.567 214.726 216.150 213.953 213.648 215.818 215.440 214.283 213.760 214.350 215.169 215.024 214.168 214.536 216.248 217.012 217.588 215.085 214.841 216.847 215.949 217.287 217.573 216.194 216.588 215.030 215.172 217.846 219.496 215.293 215.665 216.824 218.269 215.394 217.600
214.252 214.554 215.667 214.907 215.969 214.254 214.315 218.542 216.258 216.781 215.353 214.099 216.180 216.550 214.517 214.381 215.320 214.525 212.850 215.375 215.499 212.481 216.608 213.194 213.056 213.426 214.452 214.378 212.502 214.622 215.010 213.711 211.829 213.236 213.767 215.489 214.095 215.219 218.068 214.789 214.603 215.942 216.407 216.572 215.096 213.623 212.914 214.185 214.863 213.891 213.625 215.016 214.934 214.842 217.724 216.756 214.157 216.838 215.630 214.898 215.203 219.110 215.838 214.958 215.858 216.970 216.277
215.584 214.464 214.810 214.880 214.974 211.887 213.804 217.243 215.058 216.643 214.310 213.110 214.584 214.518 214.015 216.376 216.667 214.133 217.295 216.061 213.560 216.207 215.418 214.995 213.065 215.495 214.057 217.108 213.720 213.180 215.505 213.569 216.743 213.881 215.835 213.785 214.354 215.149 214.137 215.803 214.143 216.675 216.046 213.054 217.379 215.371 213.993 215.332 215.134 215.966 216.018 216.424 213.490 215.317 214.252 213.130 214.041 213.726 215.446 214.630 215.416 214.886 215.148 215.561 214.027 214.804 214.788
214.066 213.865 214.519 214.293 216.028 213.814 215.671 213.487 214.861 215.390 216.161 213.639 212.458 217.168 214.057 214.858 215.035 216.947 216.167 216.766 216.939 215.971 215.117 217.004 216.604 215.780 213.217 214.693 215.922 214.812 216.499 218.527 215.454 215.746 216.319 217.384 212.659 214.577 216.836 215.040 212.973 215.631 213.354 215.991 216.015 214.329 213.324 215.286 214.183 214.201 213.780 213.843 213.201 215.322 215.631 213.174 212.603 215.004 215.593 214.647 215.322 214.853 213.940 213.496 212.854 213.627 211.578
213.845 213.706 214.189 214.013 215.427 213.968 212.385 215.783 215.474 214.439 214.855 216.040 215.673 214.121 217.013 218.517 215.541 214.384 216.914 217.359 214.658 213.949 214.163 215.202 214.486 215.247 215.251 213.791 216.120 217.363 213.210 215.308 214.994 214.562 215.492 214.069 216.231 214.759 213.849 215.488 215.006 216.500 214.877 214.126 216.756 214.615 214.678 215.880 213.343 213.773 212.848 215.987 212.496 212.073 211.924 215.353 214.354 212.120 211.965 215.546 211.910 212.622 211.633 215.396 211.470 210.542 212.411
212.982 212.937 215.322 214.876 214.790 215.048 214.445 212.647 216.164 215.267 214.226 214.659 216.415 214.714 214.265 216.199 216.853 217.041 217.013 216.444 215.924 213.905 216.059 215.529 218.253 215.685 216.668 217.226 214.887 214.802 217.671 217.536 214.016 216.027 217.460 214.786 215.687 215.636 214.962 214.625 211.912 213.592 214.368 214.872 216.597 217.252 215.790 214.194 212.475 213.382 214.726 213.093 213.391 214.440 211.642 211.732 214.205 212.931 213.253 212.287 210.602 213.271 211.074 212.033 212.013 211.768 209.748
213.535 214.476 212.556 215.123 213.244 212.953 215.219 215.583 215.580 213.783 216.813 215.838 214.610 215.750 216.096 215.964 215.451 218.245 215.786 216.907 216.479 216.916 214.742 219.066 218.497 216.669 218.073 216.803 217.629 216.500 214.715 215.763 215.697 215.446 213.757 215.736 216.543 216.155 214.586 217.334 214.925 215.414 214.532 213.612 214.512 213.015 212.596 211.452 213.640 213.924 212.912 212.277 212.248 213.237 211.443 211.744 212.017 211.236 211.552 211.737 210.440 212.841 209.616 210.253 210.391 209.902 208.491
213.956 213.889 212.234 213.220 213.497 214.858 213.386 213.702 213.058 215.889 217.413 215.910 216.369 216.806 214.744 216.965 218.182 217.771 216.473 215.927 216.127 218.375 216.352 217.240 217.408 216.807 216.067 217.616 216.182 216.503 218.255 217.658 214.172 215.268 217.312 215.188 217.013 217.113 216.899 217.508 213.727 213.955 214.164 213.932 215.322 214.495 212.706 212.857 211.676 212.384 210.945 214.425 212.888 211.241 211.191 212.012 210.796 212.018 210.486 212.735 210.577 208.279 208.159 208.519 211.012 208.391 209.687
214.113 212.842 212.093 214.262 212.376 214.609 214.380 213.796 215.272 216.366 216.086 213.395 213.789 215.966 215.978 214.849 217.617 217.480 218.493 217.541 219.356 216.653 217.035 218.323 218.035 215.799 216.652 218.248 217.643 216.562 216.977 217.022 216.811 217.444 217.497 215.613 219.041 216.441 215.689 217.794 215.317 213.631 213.161 213.702 213.336 211.685 212.945 212.050 214.224 212.891 211.030 212.878 211.098 208.629 210.606 211.995 210.062 208.924 209.431 208.353 209.445 208.808 207.839 208.937 209.742 207.926 208.858
211.461 213.511 212.188 212.417 212.746 214.188 213.995 216.111 213.998 214.579 214.779 214.718 215.450 215.166 213.861 214.659 215.565 214.005 216.266 218.126 217.854 215.696 215.886 217.098 216.834 218.464 217.923 218.030 217.351 218.687 217.712 220.476 218.124 217.280 216.622 215.970 215.206 216.369 216.492 217.414 215.630 216.035 214.976 213.993 214.520 214.202 212.823 212.416 212.164 209.471 211.872 209.406 213.447 210.130 210.252 209.964 207.094 210.620 207.701 209.415 209.382 208.570 203.719 205.500 206.063 204.837 206.062
211.203 211.288 210.540 210.592 210.772 213.843 213.701 214.545 213.191 215.019 216.672 214.780 215.445 215.925 219.194 218.340 219.595 220.682 217.370 218.236 215.103 218.259 217.598 218.351 218.480 215.697 218.720 217.720 216.632 217.334 218.915 216.966 219.301 218.008 217.107 215.696 215.504 217.630 215.913 215.871 215.537 215.865 215.346 213.586 213.977 212.947 213.377 210.426 211.556 212.960 209.349 209.602 210.234 208.016 209.145 208.983 209.119 207.976 207.707 206.422 206.880 206.536 206.448 206.456 206.164 205.809 205.035
210.778 213.885 211.628 210.092 212.785 212.128 211.830 217.163 217.339 214.781 215.216 215.319 217.066 217.451 218.098 215.739 217.026 218.616 218.049 216.246 218.248 219.622 215.866 220.485 218.439 220.476 219.822 219.051 218.406 218.194 217.406 218.263 218.291 215.783 216.623 214.164 214.830 215.437 216.630 215.658 215.366 214.244 212.988 214.937 214.296 211.523 212.086 212.414 210.125 209.942 210.964 210.071 210.594 208.551 209.204 208.576 209.795 206.050 206.472 204.885 206.436 206.157 206.945 204.308 205.249 204.189 205.707
209.784 210.224 210.645 210.217 211.158 212.367 213.889 212.154 216.118 214.388 216.284 214.567 214.725 217.947 217.648 214.907 218.216 215.924 218.707 219.333 218.575 218.328 218.632 218.858 217.971 219.526 218.248 216.816 219.221 220.905 219.865 218.165 217.245 217.263 219.248 218.222 215.895 216.863 218.012 215.856 215.469 214.164 212.311 214.935 214.131 213.701 213.821 211.623 210.666 211.139 208.543 207.083 208.463 207.571 206.716 207.367 207.601 205.414 203.241 203.126 203.621 204.021 203.840 204.066 205.584 201.532 203.683
208.526 211.079 212.765 207.671 211.020 212.338 214.072 212.488 214.454 216.506 215.653 215.112 215.539 216.971 217.631 217.920 217.823 215.504 217.393 218.259 219.046 219.667 218.388 220.094 221.190 219.932 220.250 218.734 217.937 219.593 219.297 219.901 217.968 216.849 216.549 217.706 214.647 218.198 215.665 215.699 214.884 216.597 212.574 214.488 213.565 213.907 212.928 210.017 208.717 207.443 209.048 209.391 208.382 207.094 207.588 204.661 207.335 207.033 206.174 205.049 205.782 201.442 201.439 202.306 201.874 201.089 201.772
210.701 211.160 212.465 210.299 211.830 213.875 213.588 213.813 214.261 215.758 214.606 216.173 215.291 217.685 217.886 217.573 216.331 218.151 220.582 218.173 219.470 217.096 218.076 219.436 220.643 220.567 218.795 221.794 215.949 217.367 220.345 220.387 220.669 217.159 216.160 215.698 215.914 217.197 215.701 215.203 215.930 214.348 214.252 215.269 211.969 212.330 210.621 211.832 208.822 208.449 209.756 205.773 209.869 207.732 206.092 205.233 205.679 204.941 202.620 203.451 201.664 201.568 201.679 201.331 200.425 200.277 199.511
208.997 209.838 208.587 211.190 211.205 213.665 214.647 213.649 212.501 214.449 214.001 214.648 217.710 217.360 216.771 216.284 218.226 219.983 219.386 219.228 219.496 221.055 220.611 219.895 217.204 220.627 219.992 219.650 220.971 218.472 219.608 219.154 216.954 218.138 218.184 218.959 217.853 216.703 217.143 213.138 214.608 213.592 214.544 215.405 213.517 213.165 212.293 212.560 208.535 209.771 207.444 207.174 207.922 207.383 205.534 206.312 204.300 203.514 203.070 202.507 203.224 202.553 200.256 200.010 199.181 199.978 199.347
207.154 209.559 208.961 209.639 210.837 212.516 213.165 213.057 215.475 216.304 216.038 214.001 215.459 216.531 217.901 219.339 217.440 220.061 217.461 219.585 218.931 219.356 221.325 219.496 220.137 222.134 220.342 218.292 218.535 219.081 219.746 219.540 216.842 217.187 216.616 217.716 217.734 216.523 216.846 215.447 215.178 216.212 214.747 212.483 212.030 213.101 210.960 209.438 210.056 207.243 208.278 206.656 206.913 208.418 205.324 203.019 201.527 203.046 201.877 199.930 200.259 200.313 198.394 199.022 199.291 197.392 199.434
209.774 210.076 208.897 210.850 209.398 211.639 209.878 211.535 213.531 215.048 216.008 216.989 217.436 216.187 217.166 216.997 218.261 216.453 217.998 221.031 219.782 218.970 220.806 220.439 220.109 219.744 218.929 220.058 220.112 219.831 221.394 219.330 219.380 220.190 219.259 215.290 217.194 215.500 215.245 216.759 216.922 214.826 210.758 212.306 211.772 210.809 212.605 210.441 209.907 208.357 208.572 206.478 204.279 205.080 203.449 201.668 200.386 201.323 201.006 202.872 199.216 198.468 198.647 199.167 196.106 196.842 198.264
206.208 208.229 208.688 209.675 208.941 211.427 213.871 211.423 213.579 214.177 215.222 216.438 215.458 217.849 218.141 217.494 219.102 220.240 220.884 219.255 220.804 220.023 219.279 223.260 221.732 221.437 220.146 220.665 219.728 222.403 219.193 219.638 220.310 218.708 219.544 218.281 217.348 216.882 213.865 216.786 215.706 214.738 213.771 211.561 212.105 210.108 209.716 208.145 208.291 209.141 207.592 205.096 204.314 205.852 203.423 203.949 204.116 202.576 199.310 197.137 201.105 196.858 196.157 196.623 196.301 196.926 194.916
207.588 206.996 208.707 210.109 209.181 210.369 211.875 211.483 213.360 214.772 214.768 213.414 216.415 216.466 217.249 216.408 218.389 218.626 218.461 218.577 219.602 217.748 220.525 219.754 221.691 218.259 219.862 220.718 220.539 219.510 220.947 218.924 219.754 218.681 217.982 216.867 216.436 216.011 216.450 214.684 213.448 214.684 213.379 213.086 211.721 212.799 210.833 209.473 208.815 208.534 206.667 206.469 204.489 205.723 202.807 198.291 202.118 200.135 199.547 199.814 194.956 195.422 196.722 194.696 196.436 195.779 194.157
206.649 208.927 206.992 209.672 208.687 210.172 212.627 212.777 213.274 214.044 215.327 216.773 216.681 216.090 218.191 217.734 218.605 218.938 220.295 219.804 219.403 218.426 218.744 220.862 219.761 221.585 220.582 220.772 220.248 223.116 220.987 220.159 219.978 215.928 217.251 219.202 218.730 215.697 213.484 213.719 215.156 213.546 214.279 211.891 211.649 211.090 209.445 208.167 207.050 206.646 206.001 206.221 204.207 202.580 201.054 200.538 201.069 199.892 200.532 198.001 196.908 198.346 197.166 196.771 193.289 194.120 193.950
203.879 207.516 205.642 210.169 211.829 209.867 209.328 211.401 212.999 211.053 213.509 215.244 216.282 214.145 217.002 217.777 219.535 219.040 220.397 220.166 218.772 223.439 221.101 220.740 220.057 222.462 220.629 221.143 220.556 219.916 217.887 218.792 221.258 218.991 217.369 216.573 216.052 215.938 215.588 216.857 214.762 215.620 210.675 211.655 208.646 207.450 209.465 206.065 207.403 205.303 206.849 205.960 201.602 203.540 201.661 201.405 199.232 200.509 199.369 197.280 194.596 192.858 196.307 194.654 192.023 192.033 195.887
205.347 209.377 206.385 206.718 206.770 207.306 211.233 212.043 211.742 213.834 214.883 213.971 215.993 217.409 215.164 217.425 218.251 216.412 222.099 220.809 222.185 218.293 220.239 221.919 219.950 223.185 219.202 220.432 219.857 218.047 219.526 219.491 217.769 218.057 219.349 218.682 217.589 217.260 217.292 214.734 213.290 213.494 212.716 210.840 211.048 210.219 210.209 206.772 208.514 205.760 203.282 205.392 203.709 202.255 199.729 201.253 197.999 197.051 197.411 197.836 195.892 195.219 193.207 194.793 192.551 193.151 195.343
202.736 203.796 206.951 206.173 209.669 208.382 210.615 212.229 212.911 213.060 216.588 214.622 216.010 215.782 218.124 218.985 219.527 218.925 220.199 218.167 219.290 220.864 217.536 218.436 221.380 220.770 220.177 220.157 222.105 220.610 219.313 217.592 219.168 217.146 217.802 216.541 218.432 215.312 215.443 216.475 211.169 212.449 210.250 213.306 210.945 209.366 208.706 208.478 207.252 205.686 205.716 204.009 204.967 200.186 200.138 200.539 199.661 197.080 198.461 197.123 197.252 193.997 195.084 192.765 192.659 192.540 190.491
206.955 203.310 206.349 207.702 208.897 208.334 209.612 209.262 211.306 210.512 214.644 214.272 214.032 217.709 216.675 216.118 218.461 217.823 216.536 219.387 221.497 217.836 219.621 221.169 220.775 221.544 220.117 221.917 220.178 219.828 220.135 218.950 218.501 217.854 216.887 216.422 215.042 216.663 215.632 212.097 213.127 212.861 210.694 211.499 209.339 209.104 206.933 207.306 206.236 207.802 205.895 203.161 202.001 200.998 200.218 196.292 197.888 197.748 196.108 193.727 192.478 191.310 194.695 192.885 192.938 190.313 189.203
201.386 206.133 206.121 206.072 207.911 209.545 209.684 210.975 212.926 212.043 213.406 216.420 214.684 214.966 216.595 218.318 216.779 217.989 218.009 221.281 221.018 220.233 221.431 218.553 219.390 220.691 221.908 218.421 220.441 219.459 219.164 219.296 217.418 219.997 217.044 217.551 215.137 214.932 212.908 216.010 216.605 212.635 212.081 213.138 208.956 209.067 206.883 207.713 206.188 205.925 204.797 201.226 200.714 200.668 200.093 198.251 198.131 197.381 194.958 194.606 193.183 191.437 193.327 193.552 190.419 192.074 191.346
203.728 206.038 203.608 208.091 204.557 205.877 211.465 211.844 211.564 212.527 213.190 211.354 215.632 214.982 213.697 217.535 218.412 219.693 219.838 218.682 220.189 219.626 220.085 222.315 219.790 217.198 219.626 218.212 218.670 221.396 219.886 218.060 218.371 219.294 217.765 218.987 215.058 215.867 214.941 212.922 213.551 213.087 212.748 207.953 209.552 209.109 208.780 206.758 205.284 203.329 204.829 201.899 202.766 200.012 199.189 196.820 195.179 196.138 194.614 195.509 191.359 190.570 192.619 189.498 188.530 186.667 187.462
201.051 204.884 203.130 207.700 206.907 208.073 211.171 212.277 209.486 213.072 213.486 212.761 214.031 214.092 217.926 219.763 215.468 216.806 218.057 217.553 220.352 219.658 219.302 217.766 217.947 219.926 217.538 220.756 219.037 220.599 219.441 219.411 218.748 216.959 216.473 216.140 216.082 216.156 214.170 215.232 212.237 210.462 210.014 209.168 210.650 208.921 207.351 205.699 205.058 202.161 205.496 202.139 201.620 200.723 198.170 197.010 195.011 195.047 193.949 190.996 192.618 190.001 190.390 192.599 191.201 186.690 188.079
