sample_data/dem.asc
ncols 120
nrows 120
xllcorner 480000.0
yllcorner 760000.0
cellsize 12.5
NODATA_value -9999
[rows 29 to 57 of 120, columns 0 to 66 of 120]
244.578 244.404 247.105 246.209 244.946 245.280 247.011 246.353 246.183 244.528 245.526 244.732 243.838 247.253 245.825 245.759 245.135 247.225 248.855 247.069 247.502 244.909 246.627 246.687 248.219 246.444 245.298 246.345 245.894 248.137 247.183 246.774 246.557 247.327 245.695 245.148 243.956 247.598 246.739 246.857 246.090 247.985 244.761 247.330 244.818 245.232 244.257 245.767 245.251 246.057 244.777 243.748 246.041 246.846 246.126 245.120 245.614 243.036 244.619 246.362 245.472 243.848 245.856 244.627 245.624 243.020 244.045
246.248 245.487 245.995 246.258 246.669 246.219 244.880 245.091 245.480 244.845 244.708 247.207 245.574 247.249 244.076 244.944 244.476 244.529 244.650 244.848 244.477 247.140 245.799 244.110 244.347 245.882 245.644 244.272 246.096 243.295 244.436 247.050 241.900 244.756 246.172 244.826 244.070 243.941 242.525 243.423 245.077 244.322 244.983 244.820 245.337 243.026 244.632 244.596 244.628 243.943 242.394 245.748 245.965 247.814 245.865 246.950 245.706 244.547 245.587 243.612 245.287 244.869 243.745 246.451 246.328 245.548 245.969
245.112 243.227 243.351 244.877 243.084 244.527 245.288 244.158 240.885 245.437 245.361 245.633 244.922 241.843 245.507 244.190 244.868 243.526 243.397 243.383 245.552 243.957 243.373 242.077 244.163 243.613 243.788 244.787 244.482 243.634 243.905 243.774 244.548 244.543 243.915 242.757 244.826 244.932 242.617 244.405 243.525 241.421 244.032 245.273 243.316 243.401 245.521 243.040 243.288 244.092 245.276 245.341 244.017 244.336 244.870 244.355 243.841 243.621 245.834 244.770 248.506 245.874 244.273 245.216 245.661 245.765 245.856
245.871 245.487 243.228 243.564 242.127 244.824 244.179 243.907 243.887 243.543 243.144 243.131 244.162 241.687 241.301 242.483 243.801 242.640 242.054 243.250 242.347 239.908 240.951 239.636 241.862 241.587 242.651 244.663 241.443 242.191 241.759 238.894 241.392 241.497 242.745 241.482 241.013 243.339 242.641 241.738 241.995 242.640 244.079 244.905 241.753 244.820 243.605 244.087 244.933 242.738 245.035 242.566 243.687 243.346 246.493 246.551 245.609 245.428 244.283 247.100 246.788 246.288 245.169 244.971 245.366 247.127 244.479
243.945 242.989 243.546 243.026 242.382 241.847 243.624 241.809 240.814 244.197 243.388 242.392 241.563 241.747 239.683 241.266 241.513 240.861 241.531 240.040 241.099 238.980 240.762 240.038 239.178 240.269 240.767 240.056 241.879 240.000 241.975 241.789 240.286 242.768 239.563 241.895 241.452 242.390 239.769 240.342 240.904 242.049 242.275 242.353 242.186 241.825 241.213 242.491 243.791 244.539 242.925 244.957 242.279 244.958 242.939 244.673 243.428 243.574 244.230 246.692 244.386 246.039 245.624 245.921 246.051 246.530 244.481
243.066 241.454 241.338 241.919 239.932 243.483 242.762 240.120 241.065 242.992 241.276 239.420 237.898 238.340 241.522 240.346 238.296 240.556 239.185 238.732 238.824 238.826 241.300 238.169 238.789 240.836 241.047 238.126 241.772 240.682 237.681 241.664 237.861 240.529 238.475 237.860 241.128 240.775 240.342 240.844 240.680 240.689 239.928 242.102 241.650 241.555 241.395 241.966 240.728 242.399 241.830 244.765 242.338 243.167 243.951 245.104 244.928 244.614 247.375 244.987 245.586 248.639 244.504 246.876 246.413 244.462 245.420
243.521 242.200 242.861 240.044 240.959 237.675 240.617 241.444 239.957 242.813 238.588 239.136 238.218 238.513 238.359 236.982 237.408 240.844 237.980 239.263 236.562 237.856 238.570 237.680 237.246 237.624 237.891 238.877 239.367 236.421 235.622 237.944 238.294 239.276 239.843 237.942 241.372 239.414 237.207 240.679 240.096 240.350 238.361 240.158 240.978 240.880 242.164 243.129 243.738 243.704 242.328 244.847 243.400 244.397 243.373 242.280 241.514 244.710 243.941 244.993 246.309 243.650 243.591 246.210 246.530 245.948 245.812
241.869 241.958 240.740 241.394 241.359 240.163 241.197 238.928 238.060 239.266 237.579 238.908 238.074 237.389 238.408 238.142 233.771 236.747 237.136 237.414 236.061 235.244 236.686 237.297 233.992 234.645 235.748 233.390 235.824 237.595 235.440 236.994 235.907 237.631 238.080 239.058 237.803 239.202 238.671 237.887 240.493 238.303 239.522 242.557 240.990 239.296 240.968 240.295 241.129 239.849 242.260 240.491 243.138 243.487 244.393 246.383 242.065 242.937 243.483 244.299 246.320 245.140 245.104 244.701 245.529 245.972 246.568
242.841 242.770 239.417 242.420 241.921 239.862 241.177 239.055 239.776 238.826 236.674 237.704 236.884 236.205 235.146 235.345 234.574 237.213 233.311 235.596 234.631 233.752 236.035 234.143 236.512 234.835 235.463 234.945 235.945 236.380 234.826 235.492 237.775 235.158 238.227 235.809 235.861 234.772 236.066 235.297 237.022 238.874 238.319 238.030 237.893 238.681 238.150 238.767 243.028 241.383 240.400 242.711 244.109 241.943 242.974 241.985 241.959 245.902 248.719 244.068 243.340 247.315 247.185 246.773 248.237 246.312 247.278
242.422 239.295 239.916 241.472 240.485 238.735 238.302 237.174 236.881 236.800 238.306 235.823 236.674 236.187 235.855 234.754 235.710 234.791 234.508 233.644 231.484 234.800 234.732 233.156 233.503 234.044 232.555 234.607 234.685 234.953 235.165 231.954 235.028 234.089 236.176 236.371 236.364 235.596 239.360 236.304 235.486 238.270 235.783 240.213 239.555 240.360 240.469 240.154 238.557 239.874 241.721 241.269 242.410 241.610 241.935 243.669 244.628 244.174 243.416 242.994 247.760 244.358 245.021 245.517 247.750 246.066 247.875
240.726 238.826 238.048 237.100 236.512 238.963 238.532 237.150 237.797 236.165 235.118 234.020 235.826 235.518 235.710 232.953 233.278 231.753 234.476 233.756 233.351 232.582 232.315 231.978 233.656 231.598 233.418 232.753 231.302 230.892 231.823 232.879 231.597 234.104 234.971 234.556 232.220 231.780 235.960 237.082 235.246 236.764 236.266 236.287 238.694 237.345 239.501 241.037 239.354 242.235 238.964 242.128 241.559 245.106 242.606 242.104 245.466 242.181 244.988 243.994 246.972 245.610 247.140 246.435 245.506 244.566 249.553
238.832 239.608 237.259 240.350 237.799 238.352 235.243 236.582 235.505 236.358 235.758 232.295 235.220 231.645 234.677 232.656 230.963 232.963 231.903 230.440 230.552 231.858 229.511 230.034 233.247 230.076 231.464 231.610 232.317 232.342 228.402 231.049 233.283 231.162 234.597 233.020 231.596 234.123 236.186 233.457 235.386 234.114 234.962 236.309 237.310 237.648 238.020 241.223 237.569 237.193 240.681 240.797 239.399 243.774 241.397 241.084 243.828 244.613 247.188 242.974 243.756 245.411 245.638 246.478 246.084 245.404 247.064
238.370 237.991 238.249 238.131 238.153 238.800 237.890 235.686 234.334 232.811 234.767 233.908 232.478 232.181 231.832 228.465 231.182 231.334 230.507 229.121 230.261 230.615 232.086 231.089 230.465 229.662 228.118 229.232 228.237 229.908 231.500 231.687 231.758 230.963 232.456 231.267 229.595 232.549 232.864 231.162 233.122 231.303 234.226 236.825 235.135 238.096 237.367 236.791 236.141 239.825 240.337 238.337 240.243 242.710 241.058 243.037 240.765 242.580 245.132 243.342 243.537 244.084 245.778 244.757 246.943 248.136 249.666
237.308 237.999 238.133 238.039 236.697 237.228 234.419 233.588 235.257 232.297 232.625 230.188 233.150 232.189 229.969 228.354 230.405 230.089 230.871 231.440 229.253 228.518 228.350 228.168 226.811 227.361 228.362 226.539 227.043 230.256 228.150 230.159 230.784 229.767 231.099 230.250 229.817 231.184 231.870 232.432 232.898 232.882 235.218 234.286 234.635 236.885 235.194 237.046 239.491 238.449 240.753 239.392 239.751 240.828 240.997 241.880 242.408 244.516 244.624 244.462 244.361 249.660 246.048 248.451 245.779 246.716 249.460
240.390 237.310 235.805 236.610 237.222 234.666 237.328 231.466 234.924 233.905 233.250 230.343 232.454 231.723 231.349 229.132 228.712 230.207 228.740 227.601 226.789 227.916 225.805 228.028 227.453 225.366 227.812 228.784 227.743 225.991 227.062 229.047 226.748 228.188 230.386 229.058 229.135 231.282 232.757 231.824 230.301 230.546 232.802 231.556 234.290 236.161 232.533 236.224 237.533 237.196 239.035 239.877 241.251 243.951 241.766 240.974 241.490 241.887 244.877 245.041 245.781 246.020 248.245 248.141 248.513 246.900 247.732
237.638 237.345 235.693 235.025 233.362 235.713 234.983 232.834 230.671 231.352 233.443 228.812 229.240 228.745 229.780 226.816 228.243 226.547 226.766 225.429 227.277 225.835 225.550 227.471 226.495 228.904 226.586 226.251 226.419 229.758 228.153 226.561 227.591 226.925 228.735 227.753 228.150 229.858 231.494 231.458 231.927 231.700 229.384 232.771 233.414 235.022 237.222 236.758 234.481 237.367 237.809 239.718 239.527 238.036 239.990 241.421 240.043 243.062 243.538 245.830 245.016 244.999 246.167 246.875 248.529 246.658 245.508
235.349 236.496 236.227 234.885 234.742 234.242 234.618 232.435 234.660 231.017 230.441 230.415 228.773 227.901 229.287 224.664 224.665 228.968 226.966 226.410 225.850 225.601 223.923 224.609 223.628 226.270 225.664 225.254 225.563 225.099 224.076 227.844 226.871 226.227 227.571 228.853 229.232 229.127 229.894 229.203 231.771 231.939 232.629 230.588 233.700 234.483 235.413 232.029 233.707 237.133 236.427 238.858 239.066 241.021 240.057 240.203 242.901 242.651 242.259 241.955 248.908 245.234 245.978 244.426 246.114 247.659 248.706
238.867 237.893 238.462 233.689 234.126 234.008 233.298 231.021 228.726 229.685 228.464 228.528 229.401 228.305 225.446 225.418 226.120 226.869 224.984 225.000 222.548 223.587 223.020 224.120 223.448 222.658 222.417 224.106 223.156 225.565 224.568 224.326 226.122 223.877 226.931 225.364 227.679 226.478 226.737 226.246 229.258 230.499 228.877 233.575 232.114 231.518 236.165 234.041 237.195 232.703 239.732 238.126 238.719 239.954 238.935 242.331 242.516 243.139 242.780 242.762 245.351 246.586 246.369 246.541 246.697 248.747 250.133
236.590 236.794 234.608 235.551 232.970 233.837 231.751 230.594 228.610 229.870 228.809 227.731 227.516 226.556 224.683 223.826 225.557 224.556 225.807 226.063 224.307 223.831 223.549 222.843 221.846 219.368 223.573 223.439 222.895 223.205 224.485 224.717 224.175 224.031 225.524 226.263 228.536 225.279 227.632 226.594 227.813 231.989 229.345 230.484 230.734 233.333 232.597 231.921 235.013 236.731 236.560 237.661 237.482 238.051 240.069 239.507 241.187 241.316 243.027 245.051 244.754 246.888 246.598 246.606 246.229 248.009 246.943
235.703 233.831 234.849 230.529 231.980 232.773 230.957 231.251 229.098 228.892 227.473 226.166 226.472 226.552 222.325 223.183 221.085 222.043 221.192 221.812 221.724 223.006 223.142 220.492 220.784 222.128 220.597 220.975 219.340 222.709 222.390 221.198 221.116 221.849 224.159 223.540 223.197 224.900 227.003 228.175 229.012 228.287 229.244 230.106 231.408 232.178 231.153 232.326 233.659 235.909 235.333 235.931 239.035 240.477 238.470 240.292 242.736 241.672 244.102 242.030 244.252 246.049 247.805 247.741 245.198 245.862 247.191
235.079 234.637 232.971 231.999 233.167 233.712 231.176 229.233 227.427 226.439 228.064 226.930 226.736 225.681 225.447 222.520 221.759 221.001 221.769 221.192 221.239 219.375 220.841 221.463 220.488 217.086 220.365 220.048 221.744 220.643 221.871 220.954 222.196 223.410 222.384 223.621 224.024 225.196 224.980 226.413 224.368 227.089 229.188 229.842 228.733 229.824 232.183 233.063 234.126 234.586 235.586 237.657 236.222 236.613 240.430 239.198 241.842 241.064 241.395 245.406 244.242 243.376 245.520 246.247 246.826 247.859 246.802
237.953 232.185 232.841 233.294 232.328 228.196 228.090 228.215 226.495 225.810 225.503 224.846 225.627 221.557 224.233 222.086 222.513 220.892 223.699 218.309 221.576 219.339 219.385 221.222 219.176 220.480 221.172 218.797 222.107 221.404 219.893 220.761 220.023 221.682 222.878 223.590 223.251 223.004 223.542 223.901 225.492 227.364 226.780 227.533 227.978 230.862 230.801 230.117 234.371 235.286 235.012 235.544 236.900 236.796 240.074 241.474 241.965 241.913 242.779 243.981 246.206 243.967 245.637 245.524 245.541 248.000 249.511
234.198 232.789 233.499 230.894 231.038 229.842 226.330 225.647 222.945 226.214 225.338 223.603 222.848 222.380 221.341 221.433 220.869 219.332 221.650 220.754 218.715 221.524 221.641 220.034 219.885 217.724 218.078 216.657 218.208 220.100 218.721 217.542 221.875 222.770 222.740 219.660 223.103 221.783 223.324 225.085 226.881 225.126 226.326 226.125 228.576 228.344 229.887 232.379 232.446 233.609 234.809 236.444 238.148 236.078 236.526 240.049 241.213 242.976 243.143 245.150 244.517 243.932 246.660 245.092 246.005 247.940 247.708
232.842 232.170 232.107 230.695 232.307 228.468 227.662 225.138 228.286 225.296 224.205 222.750 222.857 221.600 222.805 219.733 219.604 218.960 219.843 219.122 219.560 218.739 218.549 217.766 218.695 218.155 218.005 215.768 217.299 217.257 216.184 220.301 220.882 220.913 220.819 222.502 219.319 223.558 220.310 223.718 224.484 225.814 226.872 227.862 227.107 228.107 228.910 231.076 231.527 231.051 235.157 233.658 235.469 236.185 237.188 239.777 239.215 239.268 241.120 241.564 241.809 245.575 246.639 244.244 248.550 249.501 246.207
233.671 233.542 231.006 232.451 230.836 229.144 226.130 226.580 221.876 224.066 223.828 221.754 222.197 222.060 222.740 219.936 217.438 215.961 218.110 218.972 218.883 217.358 216.214 215.997 216.576 216.822 217.466 216.991 219.428 217.432 218.133 219.154 219.457 218.019 217.384 218.362 221.021 221.989 222.436 223.767 225.210 223.600 228.511 229.579 228.265 228.131 229.662 228.695 231.461 231.500 233.421 234.207 238.128 235.651 238.090 238.243 241.631 241.972 239.798 241.359 243.751 243.505 245.583 245.887 245.188 246.774 248.302
234.297 232.771 229.990 229.669 228.781 227.296 227.624 225.796 222.675 223.953 221.565 221.819 221.575 220.398 221.052 219.070 217.929 220.003 218.410 216.932 216.741 215.944 216.294 214.864 218.054 217.380 213.214 214.864 216.135 215.644 214.153 217.929 216.079 218.830 219.102 220.994 218.737 222.729 219.803 223.906 224.231 224.362 223.446 227.670 227.681 225.707 225.611 228.998 229.821 232.793 233.175 234.468 234.535 237.366 236.574 236.471 236.402 240.930 240.519 240.105 242.006 243.446 245.566 242.911 245.706 247.758 248.043
232.463 232.348 229.570 227.795 228.197 228.840 226.163 227.137 223.849 222.880 221.977 221.230 219.885 219.661 218.243 217.304 219.799 218.460 216.529 215.725 214.185 216.503 214.728 217.726 213.158 215.658 216.757 214.730 218.027 217.019 217.306 215.422 218.157 218.632 218.125 220.767 219.661 217.213 221.162 223.700 221.692 224.244 223.497 225.244 222.944 225.068 227.957 228.680 228.185 232.407 233.065 232.652 232.287 236.590 236.347 238.885 240.401 239.592 240.702 242.847 242.501 241.257 245.225 245.635 245.265 247.265 246.771
233.381 232.616 231.254 229.147 227.877 226.286 226.241 224.290 222.298 223.787 222.750 221.425 219.876 218.711 218.555 218.017 215.728 216.027 214.795 216.980 213.625 213.489 213.638 214.725 213.306 216.509 215.309 211.634 214.970 215.360 213.721 215.512 216.162 215.788 217.000 218.150 217.800 219.075 218.484 221.519 220.868 224.016 225.989 226.509 224.943 227.062 227.290 229.239 228.775 229.653 231.918 232.118 235.665 236.152 236.763 237.242 238.256 240.647 240.553 241.431 244.587 243.379 243.724 244.546 247.090 245.632 246.276
232.649 230.648 231.837 226.188 224.895 226.894 226.055 221.800 223.599 223.123 222.770 220.350 217.491 216.226 220.352 217.634 217.701 215.557 215.159 214.743 213.487 213.954 212.717 213.384 215.124 213.776 212.965 215.973 215.638 214.359 212.514 216.560 217.022 215.238 218.241 216.142 217.507 218.012 219.579 220.029 222.808 221.580 223.499 224.013 225.280 225.038 227.064 229.870 230.297 228.996 231.039 231.427 232.884 234.078 234.469 237.581 239.166 239.282 239.517 241.246 241.057 244.118 246.521 241.257 245.691 245.970 246.775
