sample_data/dem.asc
ncols 120
nrows 120
xllcorner 480000.0
yllcorner 760000.0
cellsize 12.5
NODATA_value -9999
[rows 0 to 28 of 120, columns 0 to 66 of 120]
260.041 262.762 263.726 262.760 264.119 264.929 267.310 267.597 269.568 267.428 272.460 271.358 273.138 272.958 273.414 275.118 276.187 275.530 276.104 277.559 276.075 275.617 278.155 277.053 275.660 277.023 277.403 276.426 275.890 277.478 278.196 276.456 275.395 276.236 276.059 274.202 274.523 274.373 272.074 270.497 270.997 269.942 269.990 266.123 265.832 264.557 262.396 263.525 262.889 260.244 261.663 259.856 258.497 257.109 256.670 252.839 254.110 253.059 249.207 250.772 249.119 249.464 247.151 246.857 246.542 244.386 245.520
260.215 259.632 261.428 262.448 264.201 266.368 266.144 268.256 267.656 269.525 267.500 269.218 272.760 271.895 274.046 274.693 276.264 276.226 276.985 276.079 275.758 276.033 276.571 275.978 276.783 277.364 277.742 276.927 274.849 276.824 276.866 277.514 276.458 274.480 273.809 276.455 274.258 274.801 274.360 269.976 270.528 269.681 268.831 267.804 266.360 265.264 262.167 262.670 260.856 260.780 258.939 259.114 258.230 256.502 255.409 254.057 252.345 251.649 250.246 250.334 248.951 248.740 245.601 247.462 244.735 244.077 244.086
259.687 259.088 259.471 262.089 263.199 264.109 266.775 268.693 267.124 269.431 270.651 271.267 272.511 271.582 273.681 275.912 275.079 273.943 275.927 277.159 276.468 275.663 278.436 275.261 277.470 276.882 275.434 278.224 277.002 274.939 276.747 275.126 272.914 273.860 274.431 274.245 272.992 272.104 271.818 270.158 270.935 268.770 267.977 267.271 264.321 263.681 265.286 262.757 260.905 260.534 258.422 258.210 255.957 255.977 252.655 255.065 251.795 249.480 250.107 248.963 248.661 246.215 247.223 250.299 243.672 244.923 243.512
255.863 260.301 260.761 262.986 262.770 264.258 263.245 266.607 266.531 268.446 269.501 269.692 271.050 271.444 273.110 273.485 272.854 273.374 276.679 274.908 276.598 276.192 275.287 275.239 276.387 276.586 276.981 274.618 275.250 275.606 277.329 272.198 275.113 273.431 274.028 272.293 272.636 273.337 271.095 270.352 269.397 267.126 267.716 265.820 264.071 263.948 262.649 262.736 260.677 258.981 260.247 258.570 257.795 255.898 253.947 252.503 251.620 252.068 250.069 247.194 248.003 245.468 246.529 244.096 243.285 244.259 243.395
256.509 260.297 259.705 258.802 262.252 262.274 264.865 264.090 267.742 266.548 268.777 268.510 269.665 272.265 271.824 271.770 271.364 274.821 274.810 273.978 275.037 273.818 274.077 274.476 275.996 275.962 274.678 276.353 276.236 275.261 275.991 274.025 273.795 273.996 272.825 273.197 270.063 272.546 269.115 269.025 266.696 268.154 268.011 266.782 265.481 261.572 261.440 260.744 259.085 260.453 258.221 256.865 256.378 253.559 252.531 251.501 252.116 250.913 250.212 249.860 246.022 246.105 246.124 243.547 243.795 244.973 244.457
259.471 257.110 260.356 261.172 260.115 264.810 266.240 263.760 267.962 266.884 267.524 270.387 269.675 270.562 272.718 273.112 273.252 271.055 271.345 275.017 272.924 274.519 273.290 274.529 273.318 276.843 273.630 274.603 274.353 275.788 272.332 273.626 272.981 273.372 272.746 271.010 271.184 269.725 269.964 268.460 266.933 266.783 266.313 267.622 263.311 263.241 263.580 258.264 257.587 257.165 257.363 259.336 255.791 255.692 252.910 249.171 248.323 251.319 249.346 246.626 248.621 244.571 246.959 246.567 243.186 242.104 243.833
256.817 256.372 259.689 261.015 262.419 262.376 264.747 265.957 263.982 267.888 267.272 267.233 268.336 271.732 271.371 268.703 271.554 271.834 272.279 272.301 271.534 274.615 272.688 273.540 273.362 273.246 274.977 274.445 273.007 272.447 272.718 274.077 272.641 272.281 271.060 270.540 270.450 267.267 270.653 266.967 266.380 267.779 265.514 264.339 262.602 260.417 261.479 261.642 258.066 259.710 255.647 255.044 255.461 253.792 253.572 250.820 249.460 247.471 247.308 246.536 245.225 246.458 244.485 242.135 246.790 242.149 241.039
258.849 257.619 258.924 260.902 262.704 262.069 263.122 263.764 263.149 266.845 266.074 265.149 267.830 266.677 268.242 270.120 269.588 272.516 269.948 272.447 273.159 274.537 274.123 273.461 273.378 273.244 274.648 272.395 273.643 272.676 272.782 271.822 274.280 270.450 271.005 270.439 270.191 269.304 268.527 268.404 264.585 265.530 263.130 263.949 261.281 260.555 260.621 261.339 259.314 257.926 258.199 254.326 251.899 252.858 252.003 252.805 252.897 247.765 251.393 249.389 247.645 246.247 247.924 244.363 243.000 243.088 240.685
255.109 258.568 257.770 259.809 258.275 261.073 260.932 261.848 261.643 267.396 265.499 266.780 268.599 267.853 269.299 267.684 270.131 269.925 271.491 271.517 269.987 269.716 270.945 273.209 272.932 272.938 269.998 269.096 271.413 271.537 270.923 271.722 270.681 268.994 268.835 269.481 268.763 267.903 269.982 266.171 265.814 263.620 263.495 263.634 262.737 260.895 260.565 259.149 255.805 253.103 258.773 255.965 253.871 250.833 250.380 252.546 246.601 248.609 249.120 247.361 247.240 245.361 247.616 242.779 241.695 243.026 243.832
256.369 257.160 259.859 259.739 259.764 260.061 261.662 262.118 261.588 264.104 264.717 265.444 265.964 269.219 268.693 269.599 268.312 268.327 269.672 270.705 270.339 270.808 272.408 271.771 270.326 271.025 270.717 271.629 269.853 270.820 271.584 270.446 268.915 268.815 269.191 269.055 268.862 267.017 264.898 267.433 265.284 264.581 263.593 261.084 261.021 260.765 260.728 258.577 253.766 256.217 255.923 256.046 254.343 255.483 253.221 252.161 250.727 247.012 248.790 247.626 245.442 245.981 245.023 243.251 242.994 242.209 242.235
253.743 254.592 256.674 256.615 261.823 259.312 259.945 260.971 261.216 260.397 263.848 265.301 263.858 266.362 265.551 267.560 268.584 269.234 269.618 268.640 270.872 269.552 270.723 271.301 270.183 269.037 271.284 269.115 269.233 268.765 270.826 269.287 266.396 269.531 270.636 269.761 266.319 266.445 266.270 265.997 264.193 262.028 263.404 262.363 259.130 259.364 259.187 257.905 257.570 256.920 255.637 253.870 251.414 252.804 252.791 252.540 249.207 248.305 249.211 248.359 246.231 245.904 243.400 244.322 241.982 242.198 241.674
254.321 255.612 255.069 258.162 258.352 259.689 259.113 258.790 262.686 263.302 263.221 263.597 264.481 265.320 265.501 264.279 268.167 265.915 267.740 268.148 269.150 267.166 270.758 270.245 270.472 271.099 268.592 265.699 269.713 270.683 270.239 267.881 268.038 268.062 265.067 265.904 265.360 267.397 264.045 266.001 263.384 260.572 264.430 259.758 260.797 261.212 257.612 255.852 257.641 255.526 253.027 252.255 252.140 252.828 250.401 250.620 250.926 249.596 248.953 247.889 243.697 246.345 244.560 243.346 241.567 240.380 240.421
252.920 255.856 255.261 257.034 258.397 258.746 258.230 261.895 261.508 261.799 263.424 262.658 266.250 264.905 265.679 266.218 265.221 265.373 267.459 267.984 269.487 268.669 267.020 269.102 269.550 269.789 268.957 267.005 269.721 267.250 268.561 265.675 268.117 265.842 267.617 267.921 266.647 263.236 262.858 262.259 263.376 262.239 261.227 260.592 260.077 259.302 259.669 256.681 256.088 252.705 252.429 252.270 250.767 251.551 251.642 248.990 248.069 247.197 247.152 245.553 245.961 245.087 244.452 244.308 242.823 242.396 243.820
254.293 254.655 255.274 256.109 256.963 256.707 258.956 257.247 260.161 259.151 261.249 263.223 262.711 263.067 264.839 264.437 264.763 265.227 267.911 267.242 267.319 265.558 267.920 265.762 267.970 266.082 269.736 265.289 268.637 267.940 264.603 266.146 267.818 267.049 263.248 264.120 262.797 262.394 262.231 264.551 261.807 260.649 259.762 260.179 259.402 256.643 258.663 254.745 254.844 254.842 255.475 252.129 252.012 252.364 250.691 250.452 249.518 247.778 247.440 247.026 245.166 246.423 241.463 242.120 244.376 242.617 240.838
252.231 253.744 254.984 255.256 258.337 257.299 258.037 257.827 260.595 258.857 258.838 260.273 262.817 261.294 264.776 263.711 262.391 264.363 267.159 264.320 264.065 266.486 267.622 267.405 265.870 266.516 266.654 267.594 268.632 265.741 267.195 264.939 265.724 263.516 263.291 264.234 262.145 263.730 261.410 261.534 260.676 259.682 259.515 259.905 261.565 255.623 256.601 255.210 253.495 254.098 251.860 251.980 252.725 247.982 249.885 249.317 246.841 247.847 246.892 245.328 246.506 242.819 244.529 242.883 241.340 241.879 241.201
253.894 253.896 253.749 252.888 254.857 256.320 258.121 257.370 259.858 259.385 258.986 257.161 259.703 259.890 262.027 263.099 264.819 263.543 262.532 267.064 264.886 264.420 264.597 263.415 265.877 265.588 267.022 266.364 265.959 266.254 264.180 263.719 263.876 262.078 262.996 262.324 263.033 261.685 258.848 260.576 261.609 257.046 257.650 257.871 255.526 255.707 255.666 253.237 254.384 253.727 250.916 251.672 252.141 249.846 249.800 249.282 247.477 248.206 246.777 244.439 245.595 245.375 244.705 242.402 243.199 243.806 241.987
252.751 250.911 251.061 252.723 255.284 257.152 259.569 258.878 256.018 255.706 259.298 260.990 258.346 260.199 260.789 261.836 262.007 263.231 264.226 263.346 264.419 266.124 262.673 262.762 264.704 266.342 264.297 265.339 263.542 264.847 262.787 264.095 263.461 263.119 263.915 263.122 260.661 261.944 258.310 260.971 262.489 259.203 258.528 257.324 257.555 255.306 255.930 254.063 253.136 253.043 252.068 249.303 253.127 250.057 247.117 249.719 247.681 247.266 247.196 244.622 241.538 244.353 244.196 244.574 241.962 242.086 242.460
250.516 254.375 253.343 253.365 253.025 255.556 255.129 255.830 257.250 257.874 257.215 260.265 258.090 258.454 260.633 260.851 261.181 260.964 261.831 261.386 260.323 263.382 261.438 262.490 263.708 262.881 266.120 261.083 261.752 262.600 263.923 261.755 260.052 262.818 259.977 260.444 261.303 258.971 258.728 259.321 257.928 257.927 255.834 256.192 254.371 253.142 256.434 254.177 254.028 251.058 251.473 250.549 248.382 250.039 247.822 247.762 245.515 247.874 246.959 245.906 243.756 243.638 245.217 242.915 243.097 242.509 240.598
253.932 252.030 252.293 253.478 253.326 254.703 255.249 254.891 255.958 257.211 257.846 258.609 259.349 259.174 259.933 259.262 259.782 261.672 258.354 261.430 265.000 259.167 263.329 259.519 262.117 263.645 263.453 260.511 259.929 259.614 262.009 260.450 260.657 260.655 260.496 260.269 259.365 256.848 260.050 254.507 258.759 256.001 255.914 254.931 254.503 254.294 253.345 251.714 253.393 251.016 252.658 250.198 248.873 249.587 249.480 246.667 246.810 248.253 244.750 244.356 245.026 242.843 240.845 241.331 243.341 243.271 242.822
252.196 249.927 250.979 254.033 253.474 254.863 251.475 254.899 253.742 254.133 256.806 258.220 255.463 256.365 257.400 258.327 257.226 261.853 260.123 259.228 259.245 262.834 262.868 259.681 260.744 261.860 258.899 259.559 261.794 259.198 259.340 258.028 258.489 259.950 257.818 256.888 257.325 259.809 257.450 256.098 256.471 256.310 255.391 252.515 254.489 253.290 253.973 250.721 253.009 250.531 248.452 251.502 248.659 249.124 247.875 248.798 248.232 247.679 246.645 243.300 242.709 244.496 242.638 243.918 243.147 240.859 240.969
251.505 250.936 249.971 252.890 252.023 253.728 252.639 254.269 252.365 255.272 253.445 255.932 253.085 256.481 257.808 257.867 259.047 256.584 260.041 260.311 257.102 257.751 258.146 258.898 259.204 256.007 259.698 258.617 257.603 259.864 258.138 259.740 258.785 257.495 259.014 258.252 256.318 254.604 255.494 256.478 254.996 256.952 254.646 254.062 253.796 251.707 252.084 250.880 248.280 248.407 250.886 248.891 248.718 246.519 247.043 248.160 246.797 245.533 247.509 245.098 244.280 245.641 241.733 244.099 241.710 241.758 241.567
248.396 248.785 252.560 251.400 251.985 252.238 251.885 252.083 254.466 253.431 256.215 254.950 255.209 255.197 255.712 256.158 258.242 259.486 255.508 257.413 258.133 256.333 256.771 257.063 254.761 258.464 257.608 257.504 257.635 257.725 260.071 257.326 257.910 256.045 256.836 255.744 255.628 254.381 254.123 255.271 255.215 254.447 252.642 253.375 249.469 253.176 251.502 251.374 251.944 249.523 250.673 248.477 249.152 247.500 247.856 248.745 245.732 245.310 245.195 245.510 248.033 243.623 241.478 242.786 241.328 242.247 242.653
249.081 251.737 252.981 250.411 251.371 252.407 253.185 251.841 253.667 252.193 250.198 252.121 254.386 255.396 252.043 252.872 255.268 251.478 256.424 257.181 252.510 257.150 256.098 258.110 256.789 256.179 256.599 257.543 256.573 256.294 254.383 256.546 255.821 257.790 255.329 254.983 254.053 255.374 253.934 252.988 255.401 255.237 252.154 251.057 253.226 250.431 254.394 250.384 251.253 248.075 249.136 250.036 248.791 247.161 250.315 247.809 246.211 245.337 245.330 246.888 243.950 244.556 243.183 245.359 243.347 244.301 243.687
248.140 249.082 249.774 249.264 252.418 249.820 250.813 252.750 252.730 252.122 252.931 253.788 253.082 254.171 252.535 253.983 252.127 253.243 253.122 256.191 254.243 255.281 253.880 254.821 254.764 254.074 256.146 253.038 255.760 258.145 253.792 254.690 252.590 254.269 251.977 254.626 253.008 251.085 251.468 250.803 252.067 253.117 251.238 249.921 249.962 250.740 247.230 250.519 249.893 245.991 250.027 246.174 247.502 248.803 244.961 244.310 244.817 244.486 245.279 244.454 244.152 243.848 243.910 242.799 243.979 243.325 241.854
246.850 249.940 248.391 247.893 249.518 248.575 250.865 251.497 252.024 249.768 251.176 253.895 251.632 253.694 254.246 250.894 254.271 253.887 254.198 255.335 253.945 253.575 254.304 253.186 254.251 251.184 255.764 252.958 254.217 253.861 253.508 253.399 253.202 250.953 252.115 254.054 251.121 250.849 254.491 253.115 253.274 251.052 251.097 251.389 250.823 249.697 247.674 248.227 246.931 250.357 247.586 247.504 247.724 247.049 247.333 245.585 244.153 247.841 244.511 244.499 243.817 243.841 244.273 244.914 242.480 243.906 242.531
245.786 248.605 247.635 248.728 248.455 250.519 250.664 248.131 250.078 249.639 248.667 251.253 250.520 251.433 254.072 252.870 252.765 251.095 250.297 253.336 251.569 252.069 251.627 252.245 255.046 251.782 251.812 252.367 252.420 250.570 249.797 251.130 251.456 250.631 250.222 250.129 250.602 250.736 248.712 249.790 250.642 249.823 248.086 249.028 249.164 249.833 246.677 249.163 247.497 248.004 248.286 246.129 245.914 246.455 247.175 245.370 244.052 244.642 245.674 246.351 244.111 244.097 244.050 243.895 242.728 243.153 243.774
246.326 249.647 247.180 246.842 249.801 249.294 250.029 250.917 250.085 250.478 247.186 248.435 250.115 250.002 250.772 249.499 251.516 252.714 251.124 251.518 251.209 251.777 250.983 250.169 251.024 250.927 248.980 251.048 250.765 250.929 249.966 251.109 251.184 249.497 250.599 251.009 250.821 248.688 248.398 249.463 248.002 252.013 247.877 247.681 249.171 247.622 245.167 247.541 246.306 246.616 245.082 245.684 246.322 246.187 244.723 244.963 244.576 245.532 244.975 243.466 245.510 243.733 244.842 243.127 244.407 243.767 243.840
243.539 247.371 246.094 246.319 243.799 246.087 248.249 250.432 247.003 247.207 248.724 248.622 247.714 248.339 248.200 249.503 249.812 251.053 250.131 249.904 249.357 250.337 248.085 251.859 249.640 250.995 248.356 250.519 249.741 249.002 248.378 248.065 251.193 250.423 249.014 249.010 247.801 246.359 246.287 247.568 247.970 246.608 248.809 248.315 247.729 245.266 246.943 246.991 245.343 244.061 248.792 247.066 245.686 247.885 247.130 246.166 245.733 246.234 246.896 245.074 244.568 245.402 241.194 244.552 243.842 244.200 243.901
245.926 246.294 245.725 246.824 244.161 244.179 244.727 246.879 247.748 247.575 246.951 245.659 248.240 247.029 247.421 247.429 247.022 246.776 246.988 246.194 248.083 247.609 249.064 245.687 249.279 247.790 247.677 246.895 246.862 246.024 248.863 247.487 248.558 248.637 246.984 247.231 247.031 248.599 247.441 247.397 247.967 246.913 249.356 245.684 248.194 248.264 245.095 247.386 246.571 247.162 244.557 246.173 244.588 245.249 247.236 245.257 242.605 243.520 243.726 246.211 244.057 242.932 246.052 244.929 244.961 243.519 246.124
