sample_data/dem.asc
ncols 120
nrows 120
xllcorner 480000.0
yllcorner 760000.0
cellsize 12.5
NODATA_value -9999
[rows 58 to 86 of 120, columns 0 to 66 of 120]
232.679 229.965 228.681 230.793 227.813 226.055 223.667 223.880 222.715 221.162 222.259 220.563 219.498 217.038 216.449 217.928 216.242 214.725 215.266 214.473 213.541 213.534 214.415 213.731 212.190 212.301 213.576 212.071 213.656 213.598 212.498 211.558 213.871 215.370 215.950 218.092 217.279 217.927 219.252 219.124 222.601 220.771 221.398 222.825 225.911 224.837 225.682 228.395 230.213 229.416 231.876 231.374 234.957 233.102 235.157 236.050 236.508 238.556 240.457 239.625 243.832 242.731 243.680 243.144 244.734 246.568 244.929
231.109 230.566 228.474 226.616 226.176 223.244 225.774 225.691 221.865 218.389 219.123 217.306 215.941 217.228 216.453 215.200 216.654 214.793 213.059 214.288 211.886 212.666 211.842 213.022 212.235 211.825 212.878 213.233 213.136 214.433 212.145 214.266 216.251 214.763 212.663 217.129 216.407 218.177 218.528 219.789 221.406 221.025 222.790 221.283 222.810 224.799 227.934 226.135 227.828 230.173 229.867 230.066 230.384 234.815 233.609 236.471 237.734 236.950 239.695 237.553 240.927 240.700 243.077 243.838 244.564 245.785 244.901
230.020 230.456 228.751 227.585 224.686 223.628 222.536 223.679 222.793 219.080 217.849 218.645 219.213 217.172 216.858 215.984 215.461 214.034 214.256 214.051 212.719 214.541 211.018 211.649 210.995 213.243 213.302 211.216 212.376 211.993 211.218 212.267 214.075 214.866 213.896 215.401 217.079 218.492 218.060 217.525 217.510 220.404 220.928 221.610 222.522 223.739 225.678 227.403 226.743 231.057 231.665 230.810 232.597 235.154 233.365 234.806 235.877 236.440 239.500 239.365 240.677 241.552 242.065 244.903 243.654 243.526 243.542
228.941 227.951 228.003 226.922 226.617 221.677 223.223 221.591 219.560 220.863 217.337 216.372 219.119 216.877 216.624 216.521 212.784 215.381 213.353 213.425 213.367 212.850 211.384 211.647 211.755 212.789 208.913 213.365 210.729 214.703 212.986 214.897 212.968 215.833 214.835 215.467 216.206 213.414 215.424 216.103 219.044 219.609 221.837 222.278 224.382 223.106 225.460 225.536 225.851 226.243 229.383 229.513 231.105 231.705 232.641 238.441 236.157 235.562 237.910 239.139 238.275 242.214 240.667 243.209 242.765 243.034 248.540
229.824 226.609 225.711 226.542 225.943 224.139 223.000 220.882 222.866 219.045 218.730 218.038 216.391 216.886 217.084 211.804 213.624 214.838 214.514 211.788 212.796 211.896 211.598 210.479 212.363 212.567 213.087 211.575 211.596 213.053 216.033 212.096 212.720 215.484 212.534 211.464 216.435 217.683 218.395 218.851 219.854 218.607 221.693 220.209 220.546 223.237 223.019 224.343 226.002 227.402 229.207 228.909 230.542 232.189 233.666 235.129 236.547 236.921 238.195 239.429 239.524 240.655 240.169 242.352 244.008 242.706 245.735
228.974 228.335 226.769 225.495 223.725 224.137 223.364 220.310 219.383 217.761 217.667 216.615 218.687 217.170 213.130 215.037 213.175 210.781 212.699 211.118 211.942 211.889 210.219 212.656 210.898 209.743 208.744 213.542 210.036 211.332 211.911 213.025 210.741 209.926 213.586 212.265 214.423 218.012 215.567 217.948 216.653 222.566 219.432 221.371 221.741 222.219 225.334 224.839 225.101 226.674 228.069 229.668 230.829 230.766 232.224 236.439 234.647 237.638 236.435 238.364 238.087 237.315 239.888 242.417 243.628 244.075 242.714
228.316 226.986 223.547 223.826 224.079 220.976 220.857 219.903 220.048 217.420 215.532 216.256 215.523 216.113 213.625 213.400 212.427 211.909 214.533 208.451 211.904 209.899 210.725 208.575 210.597 209.328 211.039 212.124 209.101 208.907 212.583 213.943 212.006 209.965 211.149 214.851 216.509 214.938 214.222 218.114 215.914 217.657 218.673 219.646 222.108 221.300 223.731 225.960 227.054 228.471 227.471 226.944 230.367 231.506 232.661 232.897 234.970 234.172 237.414 239.532 238.453 239.229 240.772 241.449 242.208 242.437 242.468
228.528 228.562 226.293 220.796 223.815 221.132 219.916 217.954 217.507 217.673 218.550 217.745 216.344 216.270 213.559 212.351 215.083 212.770 211.279 212.188 209.997 212.525 208.770 209.536 209.865 209.816 208.565 211.243 211.125 210.676 211.617 210.718 212.899 211.516 211.469 213.169 213.816 215.210 216.378 218.440 215.617 216.201 219.433 221.658 222.327 221.976 222.867 223.872 227.465 226.147 227.886 227.099 230.796 230.599 231.507 232.515 233.748 238.201 236.630 237.632 236.812 236.884 236.810 239.478 241.118 241.863 240.434
226.807 227.521 225.988 225.333 224.624 220.345 221.783 219.646 219.774 217.622 219.529 218.197 215.385 215.174 214.207 213.579 213.785 210.957 209.928 212.553 211.258 210.001 209.498 208.362 209.703 207.932 210.203 210.473 209.491 211.745 211.732 211.421 210.709 211.305 211.500 210.880 213.894 215.466 213.521 216.577 216.696 218.015 219.665 220.865 219.922 222.648 222.277 220.744 227.336 225.999 226.641 229.719 229.719 229.553 231.534 232.703 233.080 231.440 235.446 235.054 235.815 237.982 241.328 238.048 240.574 239.073 239.522
226.422 224.311 223.931 222.068 223.001 220.167 222.025 216.985 219.098 218.231 215.840 213.742 215.209 212.773 214.861 213.032 212.288 211.901 212.193 210.841 211.169 210.654 209.358 211.145 211.640 211.017 209.862 210.633 208.700 209.221 209.446 210.160 212.277 210.768 211.528 211.074 212.701 212.230 216.040 215.574 217.707 219.103 218.939 219.719 220.446 220.768 219.697 223.543 223.532 224.230 225.780 227.499 229.407 228.437 229.147 232.952 233.320 234.580 234.243 233.818 237.931 238.669 237.261 239.218 240.727 243.039 242.107
226.839 224.932 224.814 222.822 223.544 221.632 219.624 221.967 217.467 214.677 216.578 216.195 215.529 213.476 213.418 211.799 211.726 212.491 210.606 211.675 210.173 210.284 209.567 211.158 209.831 208.723 209.840 211.199 210.263 208.911 209.555 209.572 212.835 211.895 213.245 213.764 213.022 215.406 214.684 215.978 213.994 217.133 217.640 218.132 220.234 219.443 221.624 219.898 223.690 224.152 228.081 227.266 228.781 225.591 229.571 229.686 233.620 234.152 234.062 235.001 235.781 236.405 238.020 238.680 238.476 238.421 241.802
225.192 224.623 225.870 222.989 222.714 221.182 220.372 220.121 217.606 217.891 215.583 214.869 215.338 213.152 210.094 212.313 213.555 210.304 211.740 210.195 208.487 209.624 207.055 211.035 209.054 209.930 209.502 207.833 209.281 211.374 211.211 210.143 210.126 211.351 210.409 212.817 211.189 212.907 215.510 215.261 215.281 217.064 217.443 218.953 220.866 220.410 219.482 222.983 222.526 225.840 226.649 226.476 228.043 226.762 227.417 230.038 231.800 233.927 232.424 232.990 233.910 234.833 236.680 235.495 238.750 236.912 241.711
226.141 223.304 221.668 222.392 220.385 220.240 219.577 221.239 218.594 216.961 215.964 215.483 214.915 212.907 213.601 211.584 211.177 211.243 212.106 211.489 206.684 211.339 209.765 209.634 211.171 208.566 208.213 207.196 208.296 210.872 209.215 209.279 211.353 210.135 210.933 211.425 213.447 212.803 213.716 214.825 213.644 216.325 215.327 216.916 218.665 220.282 220.780 223.285 223.141 224.650 224.391 225.171 228.885 225.936 230.209 228.880 231.477 230.064 233.043 233.675 231.621 234.126 236.380 237.512 237.311 236.893 238.051
225.554 222.912 221.499 221.327 219.494 217.269 219.342 218.557 217.967 215.368 215.545 213.410 212.383 214.008 210.678 211.840 214.486 212.662 211.594 211.138 209.866 209.142 212.011 209.257 208.702 210.156 209.333 211.027 208.897 208.877 209.643 212.329 211.919 211.564 211.847 212.680 211.711 214.087 213.576 215.146 215.648 216.767 216.683 219.195 219.366 218.929 221.266 221.272 223.064 224.555 223.931 225.416 226.478 227.381 230.657 229.586 228.722 231.068 231.138 235.474 232.641 232.832 235.711 234.904 235.696 236.453 236.467
224.831 222.988 223.125 219.881 218.976 221.812 219.420 216.564 215.103 216.107 214.235 216.312 211.775 214.858 211.589 210.750 211.766 209.744 210.135 209.802 207.269 208.483 210.099 207.079 207.835 208.335 210.550 210.637 211.460 208.734 211.110 210.729 209.260 211.846 211.679 211.410 211.470 211.437 214.611 215.229 215.077 215.720 216.250 218.690 218.853 217.349 220.461 221.815 221.436 222.498 223.274 225.651 225.324 226.674 227.705 230.331 227.540 232.974 229.553 231.523 231.572 233.423 234.613 237.395 236.636 234.955 236.546
224.592 220.093 219.198 221.880 220.509 217.273 218.323 216.065 217.743 214.428 214.546 215.168 213.997 214.583 213.238 210.392 211.987 209.895 212.599 212.409 211.578 212.612 210.737 211.413 210.691 210.593 210.600 209.990 211.947 208.652 208.319 209.578 212.768 210.931 210.719 211.174 213.290 213.245 215.379 214.202 216.385 214.973 217.421 221.218 218.124 219.038 221.206 219.702 221.208 221.980 223.821 222.742 226.992 226.301 227.217 227.643 228.626 226.689 231.792 229.953 232.734 232.251 232.843 234.317 236.324 234.723 234.635
221.699 222.205 221.543 219.670 219.556 220.004 219.581 217.402 213.843 216.757 217.371 214.216 212.834 213.637 212.971 213.263 210.975 213.403 212.022 209.370 211.551 209.917 210.722 210.195 209.742 210.032 209.170 208.873 209.606 209.730 210.777 210.817 208.977 212.311 211.681 213.236 213.539 213.604 214.552 212.781 217.030 218.188 217.351 216.719 218.944 218.495 221.663 220.003 219.967 221.206 222.147 224.743 224.661 225.879 225.959 228.754 227.984 229.003 231.375 230.570 230.281 231.279 233.568 233.254 232.426 235.274 232.593
223.106 221.711 222.239 220.357 218.509 217.167 217.825 219.057 218.762 214.811 215.649 213.534 214.115 209.840 211.946 210.045 213.509 210.888 211.548 210.713 208.800 210.925 211.305 210.151 210.470 211.116 210.496 209.742 208.055 209.167 209.493 211.589 212.608 211.393 212.966 209.355 213.050 211.831 214.942 215.929 216.402 216.673 217.779 219.282 217.247 220.510 219.011 218.539 221.694 222.692 222.966 222.613 224.914 224.701 228.699 226.952 227.772 227.400 229.452 231.420 229.225 230.280 229.025 231.782 234.327 231.453 232.857
221.391 221.591 220.436 220.760 221.050 217.970 217.989 217.470 216.453 215.620 212.431 214.495 212.541 212.756 213.286 212.981 211.340 210.935 210.806 209.588 212.429 212.445 209.980 212.002 210.937 208.708 211.106 210.879 210.385 208.628 209.862 208.086 211.092 211.126 210.526 210.790 214.330 211.436 214.648 214.469 216.415 213.633 216.345 218.375 217.390 216.615 216.700 218.927 221.718 223.086 222.092 223.836 224.726 225.002 224.020 226.612 225.259 227.288 228.778 229.770 228.968 231.060 232.097 231.973 231.267 232.160 232.242
221.175 220.597 220.289 218.271 219.399 217.910 217.583 217.290 216.679 216.325 213.779 214.796 211.874 210.726 212.281 212.767 212.449 211.941 212.195 208.830 210.021 210.200 209.359 210.584 210.816 210.475 210.269 212.921 210.403 210.501 212.101 213.053 210.132 210.359 213.474 213.608 213.723 212.901 214.479 212.587 213.457 217.216 214.530 216.452 218.030 218.328 217.363 218.644 220.720 220.235 223.387 222.004 225.003 223.555 225.710 225.463 225.699 224.687 227.582 227.605 228.520 228.028 228.091 228.563 230.037 231.662 230.589
219.826 219.344 220.560 219.359 217.048 216.871 216.846 215.756 216.157 215.214 215.361 214.189 214.181 212.792 213.305 212.854 212.894 212.140 210.977 211.094 212.457 210.452 210.690 212.353 211.193 211.225 209.422 209.466 210.942 213.227 208.851 209.208 212.081 212.027 210.927 213.487 213.065 212.726 213.653 213.619 215.124 214.504 214.577 215.647 217.516 219.019 217.616 217.820 219.999 221.610 220.543 223.400 221.410 224.625 224.418 222.295 225.497 225.236 225.882 225.811 227.229 226.975 228.388 229.931 230.730 230.830 230.937
218.603 219.242 220.895 217.929 218.108 217.616 216.801 218.650 216.111 213.889 215.088 215.011 212.541 213.579 212.248 211.046 211.165 212.853 211.435 209.461 212.023 210.642 207.420 209.500 207.945 209.959 213.931 213.154 211.182 210.003 209.794 210.506 211.910 213.383 212.284 214.037 212.797 210.898 214.167 215.453 215.432 216.549 214.701 216.022 216.935 217.899 218.751 219.834 218.811 218.655 219.992 220.896 221.218 221.258 223.982 224.687 225.288 225.605 225.873 225.240 225.805 227.104 225.056 227.952 225.750 230.603 229.535
217.955 218.263 218.583 216.198 220.318 219.430 218.176 217.167 216.749 214.877 214.452 211.870 214.945 213.230 210.748 211.742 212.999 210.208 211.244 209.067 210.864 211.185 208.312 210.144 211.519 210.545 212.735 212.076 212.498 209.808 210.314 212.004 212.445 211.467 212.119 211.553 212.477 213.885 215.517 214.909 215.740 215.250 216.261 217.308 215.612 218.360 218.462 219.506 219.390 218.636 219.480 220.598 218.144 220.699 221.501 222.120 222.121 222.543 223.978 224.053 226.800 225.688 226.035 227.500 226.800 227.217 228.936
219.280 219.396 218.786 219.497 216.774 217.058 216.885 215.170 215.170 215.086 212.999 213.716 212.583 212.941 212.403 212.307 213.400 213.761 213.054 210.957 212.090 210.102 212.108 212.228 210.928 211.357 212.274 212.219 210.809 210.719 209.759 211.483 211.394 212.304 213.219 211.242 212.295 213.114 212.024 214.031 214.087 215.494 216.298 216.788 216.158 217.218 217.668 219.140 216.317 218.658 218.581 220.094 221.687 221.236 221.649 221.179 222.835 223.211 222.242 224.570 223.727 222.227 224.833 225.992 226.266 226.212 226.294
219.613 217.009 217.958 218.237 217.182 215.837 216.812 217.165 218.144 216.561 212.720 215.832 215.182 214.013 214.163 214.380 212.521 211.161 212.078 212.971 211.393 211.160 210.345 212.369 210.457 211.442 210.856 213.260 212.991 214.598 211.234 211.063 212.698 210.996 212.255 213.883 213.436 214.670 213.137 213.804 214.554 216.072 216.781 217.311 216.447 215.915 216.712 217.653 216.303 217.470 216.991 219.814 220.190 219.314 221.950 221.387 221.564 222.910 222.937 221.710 222.539 222.018 224.740 224.226 225.713 224.115 223.817
218.300 216.977 216.932 216.412 216.774 215.530 217.491 214.789 215.097 216.751 214.676 215.862 213.864 214.721 216.064 212.214 213.672 211.570 212.624 211.723 212.510 210.857 209.691 212.775 212.184 213.561 212.295 212.217 211.155 210.639 212.524 211.131 214.283 214.516 213.682 214.712 213.432 213.169 216.917 214.103 216.208 214.099 215.866 216.759 214.157 214.730 216.061 216.867 217.752 217.199 217.620 217.676 218.084 220.131 219.482 219.200 219.478 220.292 219.696 222.177 222.750 221.025 222.260 222.752 224.396 222.824 223.528
217.297 218.687 215.418 219.763 215.975 217.216 215.311 216.460 214.630 214.956 211.960 215.601 215.013 213.532 213.346 212.199 212.424 213.408 213.326 213.703 214.089 213.799 213.022 212.893 212.211 213.914 211.580 211.541 212.946 210.909 212.334 211.024 211.947 217.299 211.349 214.681 213.006 212.579 212.416 215.178 214.275 215.031 217.284 214.003 213.404 216.434 218.247 217.149 218.975 219.006 218.420 217.456 218.883 220.422 220.000 219.724 220.528 220.380 221.687 220.734 223.249 222.053 222.065 219.972 219.756 222.322 222.197
217.391 217.411 218.409 216.179 214.759 217.362 213.045 215.090 216.653 216.838 214.677 214.433 214.163 213.788 213.777 215.394 214.155 215.468 213.967 212.738 212.755 215.601 212.200 214.118 211.714 213.506 212.435 212.366 211.901 212.098 213.262 214.822 213.756 212.361 214.103 210.732 213.815 216.799 211.435 214.140 215.946 217.264 216.761 214.994 217.774 217.965 215.953 216.742 215.855 216.856 219.175 216.408 219.538 218.815 219.129 218.246 220.154 219.341 219.538 218.094 220.291 220.031 221.740 221.067 221.007 220.648 220.712
217.521 216.467 216.524 215.006 216.721 215.300 216.964 213.578 216.422 213.453 215.194 213.152 213.214 215.004 212.027 214.958 216.261 214.460 211.637 214.181 213.211 213.474 213.200 214.476 215.221 213.569 214.894 212.633 216.118 212.161 212.066 213.014 214.540 214.860 211.903 214.212 214.555 217.310 214.039 212.891 212.751 214.719 215.780 215.645 215.493 214.859 215.989 216.312 219.550 216.624 215.652 216.652 217.153 215.099 217.839 218.315 218.495 217.325 218.427 219.287 220.145 219.693 217.924 220.515 221.711 219.684 216.987
