sample_data/ghi.asc
ncols 120
nrows 120
xllcorner 480000.0
yllcorner 760000.0
cellsize 12.5
NODATA_value -9999
[rows 34 to 67 of 120, columns 0 to 76 of 120]
4.959 4.966 4.973 4.979 4.986 4.993 4.999 5.006 5.013 5.019 5.026 5.033 5.039 5.046 5.053 5.059 5.066 5.073 5.079 5.086 5.093 5.099 5.106 5.113 5.119 5.126 5.133 5.139 5.146 5.153 5.159 5.166 5.173 5.179 5.186 5.193 5.199 5.206 5.213 5.219 5.226 5.233 5.239 5.246 5.253 5.259 5.266 5.273 5.279 5.286 5.293 5.299 5.306 5.313 5.319 5.326 5.333 5.339 5.346 5.353 5.359 5.366 5.373 5.379 5.386 5.393 5.399 5.406 5.413 5.419 5.426 5.433 5.439 5.446 5.453 5.459 5.466
4.950 4.957 4.963 4.970 4.977 4.983 4.990 4.997 5.003 5.010 5.017 5.023 5.030 5.037 5.043 5.050 5.057 5.063 5.070 5.077 5.083 5.090 5.097 5.103 5.110 5.117 5.123 5.130 5.137 5.143 5.150 5.157 5.163 5.170 5.177 5.183 5.190 5.197 5.203 5.210 5.217 5.223 5.230 5.237 5.243 5.250 5.257 5.263 5.270 5.277 5.283 5.290 5.297 5.303 5.310 5.317 5.323 5.330 5.337 5.343 5.350 5.357 5.363 5.370 5.377 5.383 5.390 5.397 5.403 5.410 5.417 5.423 5.430 5.437 5.443 5.450 5.457
4.941 4.948 4.955 4.961 4.968 4.975 4.981 4.988 4.995 5.001 5.008 5.015 5.021 5.028 5.035 5.041 5.048 5.055 5.061 5.068 5.075 5.081 5.088 5.095 5.101 5.108 5.115 5.121 5.128 5.135 5.141 5.148 5.155 5.161 5.168 5.175 5.181 5.188 5.195 5.201 5.208 5.215 5.221 5.228 5.235 5.241 5.248 5.255 5.261 5.268 5.275 5.281 5.288 5.295 5.301 5.308 5.315 5.321 5.328 5.335 5.341 5.348 5.355 5.361 5.368 5.375 5.381 5.388 5.395 5.401 5.408 5.415 5.421 5.428 5.435 5.441 5.448
4.933 4.940 4.946 4.953 4.960 4.966 4.973 4.980 4.986 4.993 5.000 5.006 5.013 5.020 5.026 5.033 5.040 5.046 5.053 5.060 5.066 5.073 5.080 5.086 5.093 5.100 5.106 5.113 5.120 5.126 5.133 5.140 5.146 5.153 5.160 5.166 5.173 5.180 5.186 5.193 5.200 5.206 5.213 5.220 5.226 5.233 5.240 5.246 5.253 5.260 5.266 5.273 5.280 5.286 5.293 5.300 5.306 5.313 5.320 5.326 5.333 5.340 5.346 5.353 5.360 5.366 5.373 5.380 5.386 5.393 5.400 5.406 5.413 5.420 5.426 5.433 5.440
4.926 4.932 4.939 4.946 4.952 4.959 4.966 4.972 4.979 4.986 4.992 4.999 5.006 5.012 5.019 5.026 5.032 5.039 5.046 5.052 5.059 5.066 5.072 5.079 5.086 5.092 5.099 5.106 5.112 5.119 5.126 5.132 5.139 5.146 5.152 5.159 5.166 5.172 5.179 5.186 5.192 5.199 5.206 5.212 5.219 5.226 5.232 5.239 5.246 5.252 5.259 5.266 5.272 5.279 5.286 5.292 5.299 5.306 5.312 5.319 5.326 5.332 5.339 5.346 5.352 5.359 5.366 5.372 5.379 5.386 5.392 5.399 5.406 5.412 5.419 5.426 5.432
4.919 4.926 4.932 4.939 4.946 4.952 4.959 4.966 4.972 4.979 4.986 4.992 4.999 5.006 5.012 5.019 5.026 5.032 5.039 5.046 5.052 5.059 5.066 5.072 5.079 5.086 5.092 5.099 5.106 5.112 5.119 5.126 5.132 5.139 5.146 5.152 5.159 5.166 5.172 5.179 5.186 5.192 5.199 5.206 5.212 5.219 5.226 5.232 5.239 5.246 5.252 5.259 5.266 5.272 5.279 5.286 5.292 5.299 5.306 5.312 5.319 5.326 5.332 5.339 5.346 5.352 5.359 5.366 5.372 5.379 5.386 5.392 5.399 5.406 5.412 5.419 5.426
4.913 4.920 4.927 4.933 4.940 4.947 4.953 4.960 4.967 4.973 4.980 4.987 4.993 5.000 5.007 5.013 5.020 5.027 5.033 5.040 5.047 5.053 5.060 5.067 5.073 5.080 5.087 5.093 5.100 5.107 5.113 5.120 5.127 5.133 5.140 5.147 5.153 5.160 5.167 5.173 5.180 5.187 5.193 5.200 5.207 5.213 5.220 5.227 5.233 5.240 5.247 5.253 5.260 5.267 5.273 5.280 5.287 5.293 5.300 5.307 5.313 5.320 5.327 5.333 5.340 5.347 5.353 5.360 5.367 5.373 5.380 5.387 5.393 5.400 5.407 5.413 5.420
4.909 4.915 4.922 4.929 4.935 4.942 4.949 4.955 4.962 4.969 4.975 4.982 4.989 4.995 5.002 5.009 5.015 5.022 5.029 5.035 5.042 5.049 5.055 5.062 5.069 5.075 5.082 5.089 5.095 5.102 5.109 5.115 5.122 5.129 5.135 5.142 5.149 5.155 5.162 5.169 5.175 5.182 5.189 5.195 5.202 5.209 5.215 5.222 5.229 5.235 5.242 5.249 5.255 5.262 5.269 5.275 5.282 5.289 5.295 5.302 5.309 5.315 5.322 5.329 5.335 5.342 5.349 5.355 5.362 5.369 5.375 5.382 5.389 5.395 5.402 5.409 5.415
4.905 4.912 4.918 4.925 4.932 4.938 4.945 4.952 4.958 4.965 4.972 4.978 4.985 4.992 4.998 5.005 5.012 5.018 5.025 5.032 5.038 5.045 5.052 5.058 5.065 5.072 5.078 5.085 5.092 5.098 5.105 5.112 5.118 5.125 5.132 5.138 5.145 5.152 5.158 5.165 5.172 5.178 5.185 5.192 5.198 5.205 5.212 5.218 5.225 5.232 5.238 5.245 5.252 5.258 5.265 5.272 5.278 5.285 5.292 5.298 5.305 5.312 5.318 5.325 5.332 5.338 5.345 5.352 5.358 5.365 5.372 5.378 5.385 5.392 5.398 5.405 5.412
4.902 4.909 4.916 4.922 4.929 4.936 4.942 4.949 4.956 4.962 4.969 4.976 4.982 4.989 4.996 5.002 5.009 5.016 5.022 5.029 5.036 5.042 5.049 5.056 5.062 5.069 5.076 5.082 5.089 5.096 5.102 5.109 5.116 5.122 5.129 5.136 5.142 5.149 5.156 5.162 5.169 5.176 5.182 5.189 5.196 5.202 5.209 5.216 5.222 5.229 5.236 5.242 5.249 5.256 5.262 5.269 5.276 5.282 5.289 5.296 5.302 5.309 5.316 5.322 5.329 5.336 5.342 5.349 5.356 5.362 5.369 5.376 5.382 5.389 5.396 5.402 5.409
4.901 4.907 4.914 4.921 4.927 4.934 4.941 4.947 4.954 4.961 4.967 4.974 4.981 4.987 4.994 5.001 5.007 5.014 5.021 5.027 5.034 5.041 5.047 5.054 5.061 5.067 5.074 5.081 5.087 5.094 5.101 5.107 5.114 5.121 5.127 5.134 5.141 5.147 5.154 5.161 5.167 5.174 5.181 5.187 5.194 5.201 5.207 5.214 5.221 5.227 5.234 5.241 5.247 5.254 5.261 5.267 5.274 5.281 5.287 5.294 5.301 5.307 5.314 5.321 5.327 5.334 5.341 5.347 5.354 5.361 5.367 5.374 5.381 5.387 5.394 5.401 5.407
4.900 4.907 4.913 4.920 4.927 4.933 4.940 4.947 4.953 4.960 4.967 4.973 4.980 4.987 4.993 5.000 5.007 5.013 5.020 5.027 5.033 5.040 5.047 5.053 5.060 5.067 5.073 5.080 5.087 5.093 5.100 5.107 5.113 5.120 5.127 5.133 5.140 5.147 5.153 5.160 5.167 5.173 5.180 5.187 5.193 5.200 5.207 5.213 5.220 5.227 5.233 5.240 5.247 5.253 5.260 5.267 5.273 5.280 5.287 5.293 5.300 5.307 5.313 5.320 5.327 5.333 5.340 5.347 5.353 5.360 5.367 5.373 5.380 5.387 5.393 5.400 5.407
4.901 4.907 4.914 4.921 4.927 4.934 4.941 4.947 4.954 4.961 4.967 4.974 4.981 4.987 4.994 5.001 5.007 5.014 5.021 5.027 5.034 5.041 5.047 5.054 5.061 5.067 5.074 5.081 5.087 5.094 5.101 5.107 5.114 5.121 5.127 5.134 5.141 5.147 5.154 5.161 5.167 5.174 5.181 5.187 5.194 5.201 5.207 5.214 5.221 5.227 5.234 5.241 5.247 5.254 5.261 5.267 5.274 5.281 5.287 5.294 5.301 5.307 5.314 5.321 5.327 5.334 5.341 5.347 5.354 5.361 5.367 5.374 5.381 5.387 5.394 5.401 5.407
4.902 4.909 4.916 4.922 4.929 4.936 4.942 4.949 4.956 4.962 4.969 4.976 4.982 4.989 4.996 5.002 5.009 5.016 5.022 5.029 5.036 5.042 5.049 5.056 5.062 5.069 5.076 5.082 5.089 5.096 5.102 5.109 5.116 5.122 5.129 5.136 5.142 5.149 5.156 5.162 5.169 5.176 5.182 5.189 5.196 5.202 5.209 5.216 5.222 5.229 5.236 5.242 5.249 5.256 5.262 5.269 5.276 5.282 5.289 5.296 5.302 5.309 5.316 5.322 5.329 5.336 5.342 5.349 5.356 5.362 5.369 5.376 5.382 5.389 5.396 5.402 5.409
4.905 4.912 4.918 4.925 4.932 4.938 4.945 4.952 4.958 4.965 4.972 4.978 4.985 4.992 4.998 5.005 5.012 5.018 5.025 5.032 5.038 5.045 5.052 5.058 5.065 5.072 5.078 5.085 5.092 5.098 5.105 5.112 5.118 5.125 5.132 5.138 5.145 5.152 5.158 5.165 5.172 5.178 5.185 5.192 5.198 5.205 5.212 5.218 5.225 5.232 5.238 5.245 5.252 5.258 5.265 5.272 5.278 5.285 5.292 5.298 5.305 5.312 5.318 5.325 5.332 5.338 5.345 5.352 5.358 5.365 5.372 5.378 5.385 5.392 5.398 5.405 5.412
4.909 4.915 4.922 4.929 4.935 4.942 4.949 4.955 4.962 4.969 4.975 4.982 4.989 4.995 5.002 5.009 5.015 5.022 5.029 5.035 5.042 5.049 5.055 5.062 5.069 5.075 5.082 5.089 5.095 5.102 5.109 5.115 5.122 5.129 5.135 5.142 5.149 5.155 5.162 5.169 5.175 5.182 5.189 5.195 5.202 5.209 5.215 5.222 5.229 5.235 5.242 5.249 5.255 5.262 5.269 5.275 5.282 5.289 5.295 5.302 5.309 5.315 5.322 5.329 5.335 5.342 5.349 5.355 5.362 5.369 5.375 5.382 5.389 5.395 5.402 5.409 5.415
4.913 4.920 4.927 4.933 4.940 4.947 4.953 4.960 4.967 4.973 4.980 4.987 4.993 5.000 5.007 5.013 5.020 5.027 5.033 5.040 5.047 5.053 5.060 5.067 5.073 5.080 5.087 5.093 5.100 5.107 5.113 5.120 5.127 5.133 5.140 5.147 5.153 5.160 5.167 5.173 5.180 5.187 5.193 5.200 5.207 5.213 5.220 5.227 5.233 5.240 5.247 5.253 5.260 5.267 5.273 5.280 5.287 5.293 5.300 5.307 5.313 5.320 5.327 5.333 5.340 5.347 5.353 5.360 5.367 5.373 5.380 5.387 5.393 5.400 5.407 5.413 5.420
4.919 4.926 4.932 4.939 4.946 4.952 4.959 4.966 4.972 4.979 4.986 4.992 4.999 5.006 5.012 5.019 5.026 5.032 5.039 5.046 5.052 5.059 5.066 5.072 5.079 5.086 5.092 5.099 5.106 5.112 5.119 5.126 5.132 5.139 5.146 5.152 5.159 5.166 5.172 5.179 5.186 5.192 5.199 5.206 5.212 5.219 5.226 5.232 5.239 5.246 5.252 5.259 5.266 5.272 5.279 5.286 5.292 5.299 5.306 5.312 5.319 5.326 5.332 5.339 5.346 5.352 5.359 5.366 5.372 5.379 5.386 5.392 5.399 5.406 5.412 5.419 5.426
4.926 4.932 4.939 4.946 4.952 4.959 4.966 4.972 4.979 4.986 4.992 4.999 5.006 5.012 5.019 5.026 5.032 5.039 5.046 5.052 5.059 5.066 5.072 5.079 5.086 5.092 5.099 5.106 5.112 5.119 5.126 5.132 5.139 5.146 5.152 5.159 5.166 5.172 5.179 5.186 5.192 5.199 5.206 5.212 5.219 5.226 5.232 5.239 5.246 5.252 5.259 5.266 5.272 5.279 5.286 5.292 5.299 5.306 5.312 5.319 5.326 5.332 5.339 5.346 5.352 5.359 5.366 5.372 5.379 5.386 5.392 5.399 5.406 5.412 5.419 5.426 5.432
4.933 4.940 4.946 4.953 4.960 4.966 4.973 4.980 4.986 4.993 5.000 5.006 5.013 5.020 5.026 5.033 5.040 5.046 5.053 5.060 5.066 5.073 5.080 5.086 5.093 5.100 5.106 5.113 5.120 5.126 5.133 5.140 5.146 5.153 5.160 5.166 5.173 5.180 5.186 5.193 5.200 5.206 5.213 5.220 5.226 5.233 5.240 5.246 5.253 5.260 5.266 5.273 5.280 5.286 5.293 5.300 5.306 5.313 5.320 5.326 5.333 5.340 5.346 5.353 5.360 5.366 5.373 5.380 5.386 5.393 5.400 5.406 5.413 5.420 5.426 5.433 5.440
4.941 4.948 4.955 4.961 4.968 4.975 4.981 4.988 4.995 5.001 5.008 5.015 5.021 5.028 5.035 5.041 5.048 5.055 5.061 5.068 5.075 5.081 5.088 5.095 5.101 5.108 5.115 5.121 5.128 5.135 5.141 5.148 5.155 5.161 5.168 5.175 5.181 5.188 5.195 5.201 5.208 5.215 5.221 5.228 5.235 5.241 5.248 5.255 5.261 5.268 5.275 5.281 5.288 5.295 5.301 5.308 5.315 5.321 5.328 5.335 5.341 5.348 5.355 5.361 5.368 5.375 5.381 5.388 5.395 5.401 5.408 5.415 5.421 5.428 5.435 5.441 5.448
4.950 4.957 4.963 4.970 4.977 4.983 4.990 4.997 5.003 5.010 5.017 5.023 5.030 5.037 5.043 5.050 5.057 5.063 5.070 5.077 5.083 5.090 5.097 5.103 5.110 5.117 5.123 5.130 5.137 5.143 5.150 5.157 5.163 5.170 5.177 5.183 5.190 5.197 5.203 5.210 5.217 5.223 5.230 5.237 5.243 5.250 5.257 5.263 5.270 5.277 5.283 5.290 5.297 5.303 5.310 5.317 5.323 5.330 5.337 5.343 5.350 5.357 5.363 5.370 5.377 5.383 5.390 5.397 5.403 5.410 5.417 5.423 5.430 5.437 5.443 5.450 5.457
4.959 4.966 4.973 4.979 4.986 4.993 4.999 5.006 5.013 5.019 5.026 5.033 5.039 5.046 5.053 5.059 5.066 5.073 5.079 5.086 5.093 5.099 5.106 5.113 5.119 5.126 5.133 5.139 5.146 5.153 5.159 5.166 5.173 5.179 5.186 5.193 5.199 5.206 5.213 5.219 5.226 5.233 5.239 5.246 5.253 5.259 5.266 5.273 5.279 5.286 5.293 5.299 5.306 5.313 5.319 5.326 5.333 5.339 5.346 5.353 5.359 5.366 5.373 5.379 5.386 5.393 5.399 5.406 5.413 5.419 5.426 5.433 5.439 5.446 5.453 5.459 5.466
4.969 4.976 4.982 4.989 4.996 5.002 5.009 5.016 5.022 5.029 5.036 5.042 5.049 5.056 5.062 5.069 5.076 5.082 5.089 5.096 5.102 5.109 5.116 5.122 5.129 5.136 5.142 5.149 5.156 5.162 5.169 5.176 5.182 5.189 5.196 5.202 5.209 5.216 5.222 5.229 5.236 5.242 5.249 5.256 5.262 5.269 5.276 5.282 5.289 5.296 5.302 5.309 5.316 5.322 5.329 5.336 5.342 5.349 5.356 5.362 5.369 5.376 5.382 5.389 5.396 5.402 5.409 5.416 5.422 5.429 5.436 5.442 5.449 5.456 5.462 5.469 5.476
4.979 4.986 4.993 4.999 5.006 5.013 5.019 5.026 5.033 5.039 5.046 5.053 5.059 5.066 5.073 5.079 5.086 5.093 5.099 5.106 5.113 5.119 5.126 5.133 5.139 5.146 5.153 5.159 5.166 5.173 5.179 5.186 5.193 5.199 5.206 5.213 5.219 5.226 5.233 5.239 5.246 5.253 5.259 5.266 5.273 5.279 5.286 5.293 5.299 5.306 5.313 5.319 5.326 5.333 5.339 5.346 5.353 5.359 5.366 5.373 5.379 5.386 5.393 5.399 5.406 5.413 5.419 5.426 5.433 5.439 5.446 5.453 5.459 5.466 5.473 5.479 5.486
4.990 4.996 5.003 5.010 5.016 5.023 5.030 5.036 5.043 5.050 5.056 5.063 5.070 5.076 5.083 5.090 5.096 5.103 5.110 5.116 5.123 5.130 5.136 5.143 5.150 5.156 5.163 5.170 5.176 5.183 5.190 5.196 5.203 5.210 5.216 5.223 5.230 5.236 5.243 5.250 5.256 5.263 5.270 5.276 5.283 5.290 5.296 5.303 5.310 5.316 5.323 5.330 5.336 5.343 5.350 5.356 5.363 5.370 5.376 5.383 5.390 5.396 5.403 5.410 5.416 5.423 5.430 5.436 5.443 5.450 5.456 5.463 5.470 5.476 5.483 5.490 5.496
5.000 5.007 5.013 5.020 5.027 5.033 5.040 5.047 5.053 5.060 5.067 5.073 5.080 5.087 5.093 5.100 5.107 5.113 5.120 5.127 5.133 5.140 5.147 5.153 5.160 5.167 5.173 5.180 5.187 5.193 5.200 5.207 5.213 5.220 5.227 5.233 5.240 5.247 5.253 5.260 5.267 5.273 5.280 5.287 5.293 5.300 5.307 5.313 5.320 5.327 5.333 5.340 5.347 5.353 5.360 5.367 5.373 5.380 5.387 5.393 5.400 5.407 5.413 5.420 5.427 5.433 5.440 5.447 5.453 5.460 5.467 5.473 5.480 5.487 5.493 5.500 5.507
5.010 5.017 5.024 5.030 5.037 5.044 5.050 5.057 5.064 5.070 5.077 5.084 5.090 5.097 5.104 5.110 5.117 5.124 5.130 5.137 5.144 5.150 5.157 5.164 5.170 5.177 5.184 5.190 5.197 5.204 5.210 5.217 5.224 5.230 5.237 5.244 5.250 5.257 5.264 5.270 5.277 5.284 5.290 5.297 5.304 5.310 5.317 5.324 5.330 5.337 5.344 5.350 5.357 5.364 5.370 5.377 5.384 5.390 5.397 5.404 5.410 5.417 5.424 5.430 5.437 5.444 5.450 5.457 5.464 5.470 5.477 5.484 5.490 5.497 5.504 5.510 5.517
5.021 5.027 5.034 5.041 5.047 5.054 5.061 5.067 5.074 5.081 5.087 5.094 5.101 5.107 5.114 5.121 5.127 5.134 5.141 5.147 5.154 5.161 5.167 5.174 5.181 5.187 5.194 5.201 5.207 5.214 5.221 5.227 5.234 5.241 5.247 5.254 5.261 5.267 5.274 5.281 5.287 5.294 5.301 5.307 5.314 5.321 5.327 5.334 5.341 5.347 5.354 5.361 5.367 5.374 5.381 5.387 5.394 5.401 5.407 5.414 5.421 5.427 5.434 5.441 5.447 5.454 5.461 5.467 5.474 5.481 5.487 5.494 5.501 5.507 5.514 5.521 5.527
5.031 5.038 5.044 5.051 5.058 5.064 5.071 5.078 5.084 5.091 5.098 5.104 5.111 5.118 5.124 5.131 5.138 5.144 5.151 5.158 5.164 5.171 5.178 5.184 5.191 5.198 5.204 5.211 5.218 5.224 5.231 5.238 5.244 5.251 5.258 5.264 5.271 5.278 5.284 5.291 5.298 5.304 5.311 5.318 5.324 5.331 5.338 5.344 5.351 5.358 5.364 5.371 5.378 5.384 5.391 5.398 5.404 5.411 5.418 5.424 5.431 5.438 5.444 5.451 5.458 5.464 5.471 5.478 5.484 5.491 5.498 5.504 5.511 5.518 5.524 5.531 5.538
5.041 5.047 5.054 5.061 5.067 5.074 5.081 5.087 5.094 5.101 5.107 5.114 5.121 5.127 5.134 5.141 5.147 5.154 5.161 5.167 5.174 5.181 5.187 5.194 5.201 5.207 5.214 5.221 5.227 5.234 5.241 5.247 5.254 5.261 5.267 5.274 5.281 5.287 5.294 5.301 5.307 5.314 5.321 5.327 5.334 5.341 5.347 5.354 5.361 5.367 5.374 5.381 5.387 5.394 5.401 5.407 5.414 5.421 5.427 5.434 5.441 5.447 5.454 5.461 5.467 5.474 5.481 5.487 5.494 5.501 5.507 5.514 5.521 5.527 5.534 5.541 5.547
5.050 5.057 5.063 5.070 5.077 5.083 5.090 5.097 5.103 5.110 5.117 5.123 5.130 5.137 5.143 5.150 5.157 5.163 5.170 5.177 5.183 5.190 5.197 5.203 5.210 5.217 5.223 5.230 5.237 5.243 5.250 5.257 5.263 5.270 5.277 5.283 5.290 5.297 5.303 5.310 5.317 5.323 5.330 5.337 5.343 5.350 5.357 5.363 5.370 5.377 5.383 5.390 5.397 5.403 5.410 5.417 5.423 5.430 5.437 5.443 5.450 5.457 5.463 5.470 5.477 5.483 5.490 5.497 5.503 5.510 5.517 5.523 5.530 5.537 5.543 5.550 5.557
5.059 5.065 5.072 5.079 5.085 5.092 5.099 5.105 5.112 5.119 5.125 5.132 5.139 5.145 5.152 5.159 5.165 5.172 5.179 5.185 5.192 5.199 5.205 5.212 5.219 5.225 5.232 5.239 5.245 5.252 5.259 5.265 5.272 5.279 5.285 5.292 5.299 5.305 5.312 5.319 5.325 5.332 5.339 5.345 5.352 5.359 5.365 5.372 5.379 5.385 5.392 5.399 5.405 5.412 5.419 5.425 5.432 5.439 5.445 5.452 5.459 5.465 5.472 5.479 5.485 5.492 5.499 5.505 5.512 5.519 5.525 5.532 5.539 5.545 5.552 5.559 5.565
5.067 5.074 5.080 5.087 5.094 5.100 5.107 5.114 5.120 5.127 5.134 5.140 5.147 5.154 5.160 5.167 5.174 5.180 5.187 5.194 5.200 5.207 5.214 5.220 5.227 5.234 5.240 5.247 5.254 5.260 5.267 5.274 5.280 5.287 5.294 5.300 5.307 5.314 5.320 5.327 5.334 5.340 5.347 5.354 5.360 5.367 5.374 5.380 5.387 5.394 5.400 5.407 5.414 5.420 5.427 5.434 5.440 5.447 5.454 5.460 5.467 5.474 5.480 5.487 5.494 5.500 5.507 5.514 5.520 5.527 5.534 5.540 5.547 5.554 5.560 5.567 5.574
